function ep = Palik_Si_2(lambda)
          A=[17.46478873	3.420672	0
15.30864198	3.420819	0
13.62637363	3.420965	0
12.27722772	3.421111	0
11.17117117	3.421257	0
10.24793388	3.421549	0
9.465648855	3.421695	0
8.794326241	3.421988	0
8.21192053	3.422134	0
7.701863354	3.422426	0
7.251461988	3.422718	0
6.850828729	3.42301	0
6.492146597	3.423302	0
6.169154229	3.423741	0
5.876777251	3.424033	0
5.610859729	3.424471	0
5.367965368	3.424763	0
5.145228216	3.425201	0
4.940239044	3.425639	0
4.750957854	3.426076	0
4.575645756	3.426514	0
4.412811388	3.426952	0
4.261168385	3.42739	0
4.119601329	3.427973	0
3.987138264	3.428411	0
3.862928349	3.428994	0
3.746223565	3.429577	0
3.636363636	3.43016	0
3.532763533	3.430743	0
3.434903047	3.431326	0
3.342318059	3.431909	0
3.254593176	3.432492	0
3.171355499	3.43322	0
3.092269327	3.433803	0
3.01703163	3.434531	0
2.945368171	3.435258	0
2.877030162	3.435986	0
2.811791383	3.436714	0
2.749445676	3.437441	0
2.689804772	3.438168	0
2.632696391	3.438895	0
2.577962578	3.439767	0
2.525458248	3.440494	0
2.4750499	3.441366	0
2.426614481	3.442238	0
2.380038388	3.443109	0
2.335216573	3.44398	0
2.292051756	3.444851	0
2.250453721	3.445722	0
2.210338681	3.446738	0
2.171628722	3.447608	0
2.134251291	3.448623	0
2.098138748	3.449638	0
2.063227953	3.450507	0
2.029459902	3.451521	0
1.996779388	3.45268	0
1.965134707	3.453694	0
1.934477379	3.454707	0
1.904761905	3.45572	0
1.875945537	3.456877	0
1.847988077	3.458034	0
1.820851689	3.459046	0
1.794500724	3.460202	0
1.768901569	3.461358	0
1.744022504	3.462658	0
1.719833564	3.463813	0
1.69630643	3.464968	0
1.673414305	3.466266	0
1.651131824	3.46742	0
1.629434954	3.468717	0
1.608300908	3.470014	0
1.587708067	3.471311	0
1.567635904	3.472607	0
1.548064919	3.473903	0
1.528976572	3.475198	0
1.510353228	3.476636	0
1.492178099	3.47793	0
1.474435196	3.479368	0
1.457109283	3.480805	0
1.44018583	3.482241	0
1.423650976	3.483676	0
1.407491487	3.485111	0
1.391694725	3.486546	0
1.376248613	3.482959	0
1.361141603	3.486115	0
1.346362649	3.489126	0
1.331901182	3.492134	0
1.317747078	3.495139	0
1.303890641	3.498142	0
1.290322581	3.501143	0
1.277033986	3.50414	0
1.26401631	3.507278	0
1.251261352	3.510271	0
1.238761239	3.513261	0
1.226508408	3.51639	0
1.214495593	3.519375	0
1.20271581	3.522357	0
1.191162344	3.525479	0
1.179828735	3.528456	0
1.168708765	3.531572	0
1.157796452	3.534544	0
1.147086031	3.537655	0
1.136571952	3.540621	0
1.126248865	3.543727	0
1.116111611	3.546689	0
1.106155219	3.549789	0
1.096374889	3.552745	0
1.086765995	3.55584	0
1.077324066	3.558932	0
1.068044789	3.561882	0
1.058923997	3.564968	0
1.049957663	3.568053	0
1.041141898	3.571134	0
1.032472939	3.574073	0
1.023947151	3.57715	0
1.015561016	3.580223	0
1.007311129	3.583295	0
0.999194198	3.586363	0
0.991207034	3.589429	0
0.98334655	3.592492	0
0.975609756	3.595414	0
0.967993755	3.598472	0
0.96049574	3.601527	0.000278
0.95311299	3.604581	0.001387
0.945842868	3.60777	0.002356
0.938682816	3.610818	0.002908
0.931630353	3.613864	0.003459
0.924683072	3.616907	0.004009
0.917838638	3.619948	0.004558
0.911094783	3.622986	0.005106
0.904449307	3.626022	0.005654
0.897900072	3.629193	0.0062
0.891445004	3.632223	0.006745
0.885082084	3.635251	0.00729
0.878809355	3.638277	0.007696
0.872624912	3.641436	0.007415
0.866526904	3.644455	0.007134
0.860513532	3.647471	0.006854
0.854583046	3.650622	0.006574
0.848733744	3.653634	0.006295
0.84296397	3.656779	0.006016
0.837272113	3.659786	0.005738
0.831656606	3.662926	0.00546
0.826115923	3.665928	0.005183
0.820648577	3.669063	0.005042
0.815253123	3.672061	0.005583
0.809928152	3.681716	0.005975
0.804672291	3.685246	0.00597
0.799484204	3.688907	0.006099
0.794362588	3.693378	0.006633
0.789306174	3.697844	0.007031
0.784313725	3.701763	0.007024
0.779384035	3.705948	0.007151
0.774515928	3.710398	0.007546
0.769708256	3.714709	0.007941
0.764959901	3.718207	0.007934
0.760269773	3.721702	0.008061
0.755636807	3.725194	0.00859
0.751059964	3.728818	0.008984
0.74653823	3.732838	0.008974
0.742070616	3.736855	0.009099
0.737656157	3.741402	0.009622
0.733293909	3.745678	0.010012
0.728982951	3.749147	0.010002
0.724722385	3.752879	0.010126
0.720511331	3.757408	0.010646
0.716348931	3.761665	0.011032
0.712234348	3.765252	0.011022
0.708166762	3.768969	0.011144
0.704145372	3.774008	0.011659
0.700169396	3.778908	0.012041
0.696238069	3.783406	0.012555
0.692350642	3.787897	0.012936
0.688506385	3.792383	0.013052
0.684704583	3.796863	0.013037
0.680944536	3.801338	0.013022
0.67722556	3.805939	0.013137
0.673546985	3.81093	0.013645
0.669908158	3.816045	0.014151
0.666308436	3.821546	0.014654
0.662747194	3.827039	0.015155
0.659223817	3.832655	0.015655
0.655737705	3.838002	0.016024
0.652288269	3.842949	0.016003
0.648874935	3.84815	0.016112
0.645497137	3.853606	0.016608
0.642154324	3.859183	0.017102
0.638845956	3.86514	0.017593
0.635571502	3.871218	0.018082
0.632330444	3.877157	0.01857
0.629122273	3.883088	0.019315
0.625946492	3.888629	0.02083
0.622802612	3.894288	0.021955
0.619690155	3.900831	0.022047
0.616608652	3.907236	0.022138
0.613557645	3.913252	0.023254
0.610536681	3.919258	0.024112
0.607545321	3.925762	0.024581
0.60458313	3.932255	0.025049
0.601649685	3.938226	0.025011
0.598744568	3.944317	0.025226
0.595867371	3.950783	0.026197
0.593017695	3.95724	0.027292
0.590195145	3.963815	0.02876
0.587399337	3.970378	0.029972
0.584629892	3.977424	0.030045
0.581886438	3.984455	0.029741
0.579168613	3.99134	0.028186
0.576476058	3.998468	0.02726
0.573808422	4.005974	0.028832
0.571165362	4.013343	0.030399
0.568546538	4.020454	0.032459
0.56595162	4.027548	0.033767
0.563380282	4.035601	0.032833
0.560832203	4.043521	0.032645
0.558307069	4.050958	0.035547
0.555804572	4.058621	0.037451
0.553324409	4.066594	0.034427
0.550866282	4.074568	0.033255
0.548429898	4.082589	0.039191
0.546014971	4.090713	0.044002
0.543621219	4.099139	0.044034
0.541248363	4.107673	0.044429
0.538896132	4.116206	0.046402
0.536564258	4.124716	0.047761
0.534252477	4.133175	0.046211
0.531960532	4.14186	0.044787
0.529688167	4.151376	0.043841
0.527435134	4.160761	0.043982
0.525201186	4.169821	0.049043
0.522986082	4.178856	0.053244
0.520789584	4.188437	0.054794
0.51861146	4.197879	0.056457
0.516451479	4.207423	0.058349
0.514309415	4.216942	0.059996
0.512185048	4.227008	0.059971
0.510078157	4.236951	0.061247
0.507988529	4.246942	0.067225
0.505915953	4.257241	0.071408
0.503860219	4.268217	0.068413
0.501821125	4.279071	0.06672
0.499798468	4.28963	0.070169
0.497792051	4.300155	0.073021
0.495801679	4.311186	0.07295
0.49382716	4.322312	0.07334
0.491868306	4.333785	0.075454
0.489924931	4.345338	0.077209
0.487996852	4.35742	0.078143
0.486083889	4.36936	0.079417
0.484185865	4.381395	0.081367
0.482302606	4.393526	0.084101
0.48043394	4.406023	0.08965
0.478579699	4.41857	0.093582
0.476739715	4.431635	0.091614
0.474913826	4.444396	0.093039
0.47310187	4.456417	0.107934
0.471303687	4.468939	0.120051
0.469519122	4.483347	0.12
0.46774802	4.497637	0.121397
0.465990229	4.51115	0.128349
0.464245601	4.525138	0.133698
0.462513987	4.540539	0.132253
0.460795243	4.556001	0.130926
0.459089226	4.570996	0.130387
0.457395795	4.586166	0.130065
0.455714811	4.602179	0.13059
0.454046137	4.618248	0.131219
0.452389639	4.63481	0.132152
0.450745184	4.651356	0.134584
0.44911264	4.668332	0.142556
0.44749188	4.68553	0.148969
0.445882776	4.703532	0.149037
0.444285202	4.721505	0.150376
0.442699036	4.738964	0.157418
0.441124155	4.756762	0.163662
0.43956044	4.775768	0.167198
0.438007771	4.794937	0.171535
0.436466033	4.814982	0.179025
0.43493511	4.835103	0.185001
0.43341489	4.855537	0.185046
0.431905259	4.876429	0.185894
0.430406109	4.898392	0.190369
0.42891733	4.920466	0.1949
0.427438814	4.94295	0.199375
0.425970457	4.965736	0.203797
0.424512153	4.989809	0.207824
0.423063801	5.013905	0.212708
0.421625298	5.038346	0.221204
0.420196544	5.063074	0.229604
0.41877744	5.088561	0.237592
0.41736789	5.114496	0.245088
0.415967796	5.141964	0.250585
0.414577065	5.169791	0.256393
0.413195601	5.198788	0.263427
0.411823315	5.228151	0.271224
0.410460113	5.259147	0.282175
