
%lattice absorption

function ep =Palik_W(lambda)
      A=[0.2	1.47	3.24
        0.2033	1.58	3.33
        0.2066	1.7	3.42
        0.2101	1.83	3.52
        0.2138	2	3.61
        0.2175	2.2	3.67
        0.2214	2.43	3.7
        0.2254	2.68	3.68
        0.2296	2.92	3.58
        0.2339	3.11	3.43
        0.2384	3.27	3.27
        0.2431	3.38	3.05
        0.248	3.4	2.85
        0.253	3.37	2.68
        0.2583	3.33	2.57
        0.2638	3.29	2.48
        0.2695	3.24	2.41
        0.2755	3.19	2.35
        0.2818	3.13	2.32
        0.2883	3.07	2.31
        0.2952	3.01	2.33
        0.3024	2.97	2.37
        0.31	2.95	2.43
        0.3139	2.95	2.46
        0.3179	2.96	2.5
        0.322	2.98	2.53
        0.3263	2.99	2.56
        0.3306	3.02	2.6
        0.3351	3.05	2.62
        0.3397	3.09	2.65
        0.3444	3.13	2.67
        0.3493	3.18	2.69
        0.3542	3.24	2.7
        0.3594	3.32	2.7
        0.3701	3.43	2.6
        0.3757	3.45	2.55
        0.3815	3.45	2.49
        0.3875	3.43	2.45
        0.3936	3.41	2.43
        0.4	3.39	2.41
        0.4065	3.37	2.42
        0.4133	3.35	2.42
        0.4203	3.33	2.43
        0.4275	3.32	2.45
        0.435	3.31	2.47
        0.4428	3.3	2.49
        0.4509	3.31	2.53
        0.4592	3.31	2.55
        0.4679	3.32	2.59
        0.4769	3.34	2.62
        0.4862	3.35	2.64
        0.4959	3.38	2.68
        0.5061	3.42	2.71
        0.5166	3.45	2.72
        0.5276	3.48	2.72
        0.5391	3.5	2.72
        0.551	3.5	2.73
        0.5636	3.49	2.75
        0.5767	3.51	2.81
        0.5904	3.54	2.84
        0.6048	3.57	2.86
        0.6199	3.6	2.89
        0.6358	3.65	2.92
        0.6526	3.7	2.94
        0.6702	3.76	2.95
        0.6888	3.82	2.91
        0.7085	3.85	2.86
        0.7293	3.84	2.78
        0.74035	3.81	2.75
        0.7514	3.78	2.72
        0.7749	3.67	2.68
        0.7999	3.56	2.73
        0.81325	3.52	2.76
        0.8266	3.48	2.79
        0.84085	3.43	2.82
        0.8551	3.38	2.85
        0.87035	3.335	2.905
        0.8856	3.29	2.96
        0.902	3.245	3.015
        0.9184	3.2	3.07
        0.93605	3.16	3.155
        0.9537	3.12	3.24
        0.9728	3.085	3.315
        0.9919	3.05	3.39
        1.01245	3.025	3.515
        1.033	3	3.64
        1.0555	3.01	3.735
        1.078	3.02	3.83
        1.09025	3.0275	3.8825
        1.1025	3.035	3.935
        1.127	3.05	4.04
        1.1405	3.065	4.0775
        1.154	3.08	4.115
        1.1675	3.095	4.1525
        1.181	3.11	4.19
        1.19575	3.1175	4.2225
        1.2105	3.125	4.255
        1.22525	3.1325	4.2875
        1.24	3.14	4.32
        1.265	3.15	4.36
        1.278	3.15	4.385
        1.291	3.15	4.41
        1.319	3.15	4.43
        1.3335	3.145	4.44
        1.348	3.14	4.45
        1.363	3.125	4.445
        1.378	3.11	4.44
        1.3935	3.08	4.43
        1.409	3.05	4.42
        1.425	3	4.39
        1.442	2.92	4.37
        1.459	2.8	4.33
        1.476	2.62	4.37
        1.494	2.47	4.47
        1.512	2.36	4.61
        1.531	2.29	4.73
        1.55	2.22	4.85
        1.57	2.17	4.95
        1.59	2.12	5.05
        1.61	2.03	5.16
        1.63	1.94	5.27
        1.6525	1.885	5.395
        1.675	1.83	5.52
        1.6985	1.765	5.665
        1.722	1.7	5.81
        1.7465	1.645	5.97
        1.75875	1.6175	6.05
        1.771	1.59	6.13
        1.797	1.555	6.29
        1.81	1.5375	6.37
        1.823	1.52	6.45
        1.837	1.5025	6.5325
        1.851	1.485	6.615
        1.879	1.45	6.78
        1.8935	1.4275	6.87
        1.908	1.405	6.96
        1.9225	1.3825	7.05
        1.937	1.36	7.14
        1.95275	1.34	7.235
        1.9685	1.32	7.33
        1.98425	1.3	7.425
        2	1.28	7.52
        2.0165	1.2625	7.63
        2.033	1.245	7.74
        2.0495	1.2275	7.85
        2.066	1.21	7.96
        2.084	1.2025	8.08
        2.102	1.195	8.2
        2.12	1.1875	8.32
        2.138	1.18	8.44
        2.157	1.185	8.565
        2.176	1.19	8.69
        2.195	1.195	8.815
        2.214	1.2	8.94
        2.2345	1.2075	9.0675
        2.255	1.215	9.195
        2.2755	1.2225	9.3225
        2.296	1.23	9.45
        2.318	1.2475	9.5825
        2.329	1.25625	9.64875
        2.34	1.265	9.715
        2.362	1.2825	9.8475
        2.384	1.3	9.98
        2.408	1.325	10.11
        2.42	1.3375	10.175
        2.432	1.35	10.24
        2.456	1.375	10.37
        2.468	1.3875	10.435
        2.48	1.4	10.5
        2.50575	1.435	10.65
        2.518625	1.4525	10.725
        2.5315	1.47	10.8
        2.55725	1.505	10.95
        2.570125	1.5225	11.025
        2.583	1.54	11.1
        2.597	1.55875	11.1625
        2.611	1.5775	11.225
        2.639	1.615	11.35
        2.653	1.63375	11.4125
        2.667	1.6525	11.475
        2.681	1.67125	11.5375
        2.695	1.69	11.6
        2.710375	1.70625	11.6625
        2.72575	1.7225	11.725
        2.741125	1.73875	11.7875
        2.7565	1.755	11.85
        2.771875	1.77125	11.9125
        2.78725	1.7875	11.975
        2.802625	1.80375	12.0375
        2.818	1.82	12.1
        2.83475	1.8325	12.1625
        2.8515	1.845	12.225
        2.86825	1.8575	12.2875
        2.885	1.87	12.35
        2.90175	1.8825	12.4125
        2.9185	1.895	12.475
        2.93525	1.9075	12.5375
        2.952	1.92	12.6
        2.9705	1.9225	12.675
        2.989	1.925	12.75
        3.0075	1.9275	12.825
        3.026	1.93	12.9
        3.0445	1.9325	12.975
        3.063	1.935	13.05
        3.0815	1.9375	13.125
        3.1	1.94	13.2
        3.120375	1.93	13.2875
        3.14075	1.92	13.375
        3.161125	1.91	13.4625
        3.1815	1.9	13.55
        3.201875	1.89	13.6375
        3.22225	1.88	13.725
        3.242625	1.87	13.8125
        3.263	1.86	13.9
        3.285625	1.855	14
        3.30825	1.85	14.1
        3.3195625	1.8475	14.15
        3.330875	1.845	14.2
        3.3535	1.84	14.3
        3.376125	1.835	14.4
        3.39875	1.83	14.5
        3.4100625	1.8275	14.55
        3.42703125	1.82375	14.625
        3.444	1.82	14.7
        3.469375	1.80625	14.825
        3.4820625	1.799375	14.8875
        3.49475	1.7925	14.95
        3.520125	1.77875	15.075
        3.5455	1.765	15.2
        3.5581875	1.758125	15.2625
        3.570875	1.75125	15.325
        3.59625	1.7375	15.45
        3.6089375	1.730625	15.5125
        3.621625	1.72375	15.575
        3.647	1.71	15.7
        3.66125	1.710625	15.775
        3.6755	1.71125	15.85
        3.682625	1.7115625	15.8875
        3.704	1.7125	16
        3.71825	1.713125	16.075
        3.7325	1.71375	16.15
        3.74675	1.714375	16.225
        3.761	1.715	16.3
        3.7895	1.71625	16.45
        3.80375	1.716875	16.525
        3.818	1.7175	16.6
        3.83225	1.718125	16.675
        3.8465	1.71875	16.75
        3.86075	1.719375	16.825
        3.875	1.72	16.9
        3.891125	1.726875	16.9875
        3.90725	1.73375	17.075
        3.923375	1.740625	17.1625
        3.9395	1.7475	17.25
        3.955625	1.754375	17.3375
        3.97175	1.76125	17.425
        3.987875	1.768125	17.5125
        4.004	1.775	17.6
        4.020125	1.781875	17.6875
        4.03625	1.78875	17.775
        4.052375	1.795625	17.8625
        4.0685	1.8025	17.95
        4.084625	1.809375	18.0375
        4.1088125	1.8196875	18.16875
        4.12090625	1.82484375	18.234375
        4.133	1.83	18.3
        4.1426875	1.8459375	18.340625
        4.1588125	1.8528125	18.428125
        4.17171875	1.86421875	18.4921875
        4.184625	1.875625	18.55625
        4.19753125	1.88703125	18.6203125
        4.2104375	1.8984375	18.684375
        4.23625	1.92125	18.8125
        4.242703125	1.926953125	18.84453125
        4.258835938	1.941210938	18.92460938
        4.27496875	1.95546875	19.0046875
        4.291101563	1.969726563	19.08476563
        4.307234375	1.983984375	19.16484375
        4.323367188	1.998242188	19.24492188
        4.3395	2.0125	19.325
        4.350389648	2.022124023	19.37905273
        4.361279297	2.031748047	19.43310547
        4.383058594	2.050996094	19.54121094
        4.404837891	2.070244141	19.64931641
        4.426617188	2.089492188	19.75742188
        4.441540039	2.102680664	19.83149414
        4.456462891	2.115869141	19.90556641
